name: meat
channels:
  - sci-bots
  - anaconda
  - conda-forge
  - defaults
dependencies:
  - _libgcc_mutex=0.1=main
  - bzip2=1.0.8=h516909a_3
  - c-ares=1.17.1=h36c2ea0_0
  - ca-certificates=2020.11.8=ha878542_0
  - cairo=1.14.12=h8948797_3
  - certifi=2020.12.5=py36h06a4308_0
  - dbus=1.13.18=hb2f20db_0
  - expat=2.2.10=he6710b0_2
  - ffmpeg=4.1.3=h167e202_0
  - fontconfig=2.13.0=h9420a91_0
  - freetype=2.10.4=h5ab3b9f_0
  - giflib=5.2.1=h36c2ea0_2
  - glib=2.66.1=h92f7085_0
  - gmp=6.2.1=h58526e2_0
  - gnutls=3.6.13=h85f3911_1
  - graphite2=1.3.13=h58526e2_1001
  - gst-plugins-base=1.14.0=hbbd80ab_1
  - gstreamer=1.14.0=hb31296c_0
  - harfbuzz=2.4.0=hca77d97_0
  - hdf5=1.10.5=nompi_h7c3c948_1111
  - icu=58.2=he6710b0_3
  - jasper=1.900.1=h07fcdf6_1006
  - jpeg=9d=h36c2ea0_0
  - krb5=1.17.2=h926e7f8_0
  - lame=3.100=h14c3975_1001
  - ld_impl_linux-64=2.33.1=h53a641e_7
  - libblas=3.9.0=3_openblas
  - libcblas=3.9.0=3_openblas
  - libcurl=7.71.1=hcdd3856_8
  - libedit=3.1.20191231=h14c3975_1
  - libev=4.33=h516909a_1
  - libffi=3.3=he6710b0_2
  - libgcc-ng=9.1.0=hdf63c60_0
  - libgfortran-ng=7.5.0=hae1eefd_17
  - libgfortran4=7.5.0=hae1eefd_17
  - libiconv=1.16=h516909a_0
  - liblapack=3.9.0=3_openblas
  - liblapacke=3.9.0=3_openblas
  - libnghttp2=1.41.0=h8cfc5f6_2
  - libopenblas=0.3.12=pthreads_hb3c22a3_1
  - libpng=1.6.37=hbc83047_0
  - libssh2=1.9.0=hab1572f_5
  - libstdcxx-ng=9.1.0=hdf63c60_0
  - libtiff=4.1.0=hc3755c2_3
  - libuuid=1.0.3=h1bed415_2
  - libwebp=1.0.2=h56121f0_5
  - libxcb=1.14=h7b6447c_0
  - libxml2=2.9.10=hb55368b_3
  - lz4-c=1.9.2=he1b5a44_3
  - ncurses=6.2=he6710b0_1
  - nettle=3.6=he412f7d_0
  - numpy=1.19.4=py36h8732dcd_1
  - opencv=4.1.1=py36ha799480_1
  - openh264=1.8.0=hdbcaa40_1000
  - openssl=1.1.1h=h516909a_0
  - paho-mqtt=1.3.1=py_1
  - pcre=8.44=he6710b0_0
  - pip=20.2.4=py36h06a4308_0
  - pixman=0.40.0=h36c2ea0_0
  - pyqt=5.9.2=py36h05f1152_2
  - python=3.6.12=hcff3b4d_2
  - python_abi=3.6=1_cp36m
  - qt=5.9.7=h5867ecd_1
  - readline=8.0=h7b6447c_0
  - sip=4.19.8=py36hf484d3e_0
  - sqlite=3.33.0=h62c20be_0
  - tk=8.6.10=hbc83047_0
  - wheel=0.35.1=py_0
  - x264=1!152.20180806=h14c3975_0
  - xz=5.2.5=h7b6447c_0
  - zlib=1.2.11=h7b6447c_3
  - zstd=1.4.5=h6597ccf_2
  - pip:
    - cloudpickle==1.6.0
    - colorama==0.4.4
    - commonmark==0.9.1
    - dataclasses==0.7
    - pocketsphinx==0.1.15
    - pyaudio==0.2.11
    - pygments==2.7.2
    - rich==9.2.0
    - scalene==1.1.10
    - setuptools==50.3.2
    - speechrecognition==3.8.1
    - typing-extensions==3.7.4.3
prefix: /home/n8/Programs/anaconda3/envs/meat

